% -------------------------------------------------------------------
%  Generated by MATLAB on 12-Dec-2020 15:36:59
%  MATLAB version: 9.9.0.1495850 (R2020b) Update 1
% -------------------------------------------------------------------
                                

Ki = 0.6;

Kp = 1;

M = 1000;

U = 500;

b = 50;

