% -------------------------------------------------------------------
%  Generated by MATLAB on 12-Dec-2020 16:12:24
%  MATLAB version: 9.9.0.1495850 (R2020b) Update 1
% -------------------------------------------------------------------
                                

Ki = 35;

Kp = 800;

M = 1000;

U = 500;

b = 50;

